2 3 4 4444444 5555555 4444 66666 7777777 
3
6666 
4 4 6 7 3 6 67 7777 4 4 4
0
2 3 4 4444444 5555555 4444 66666 7777777 
3
6666 
4 4 6 7 3 6 67 7777 4 4 4 2 3 4 4444444 5555555 4444 66666 7777777 
3
6666 
4 4 6 7 3 6 67 7777 4 4 4
2 3 4 4444444 5555555 4444 66666 7777777 
3
6666 
4 4 6 7 3 6 67 7777 4 4 4
2 3 4 4444444 5555555 4444 66666 7777777 
3
6666 
4 4 6 7 3 6 67 7777 4 4 4 2 3 4 44 0 0 0 4 0 4444 5555555 4444 66666 7777777 
3
6666 
4 4 6 7 3 6 67 7777 4 4 4 2 3 4 4444444 5555555 4444 66666 7777777 
3
6666 
4 4 6 7 3 6 67 7777 4 4 4 2 3 4 4444444 5555555 4444 66666 7777777 
3
6666 
4 4 6 7 3 6 67 7777 4 4 4

0
0
0 0 0
444
5556
66
0